   A  B  C  D  E  F  G  H  I  J  K  L  M  N  O  P  Q  R  S  T  U  V  W  X  Y  Z  ;  :  ?  .  '  #  (  )  ,  *
A  1 -100000 -100000 -100000 -100000 -100000 -100000 -100000 -100000 -100000 -100000 -100000 -100000 -100000 -100000 -100000 -100000 -100000 -100000 -100000 -100000 -100000 -100000 -100000 -100000 -100000 -100000 -100000 -100000 -100000 -100000 -100000 -100000 -100000 -100000 -100000
B -100000  1 -100000 -100000 -100000 -100000 -100000 -100000 -100000 -100000 -100000 -100000 -100000 -100000 -100000 -100000 -100000 -100000 -100000 -100000 -100000 -100000 -100000 -100000 -100000 -100000 -100000 -100000 -100000 -100000 -100000 -100000 -100000 -100000 -100000 -100000
C -100000 -100000  1 -100000 -100000 -100000 -100000 -100000 -100000 -100000 -100000 -100000 -100000 -100000 -100000 -100000 -100000 -100000 -100000 -100000 -100000 -100000 -100000 -100000 -100000 -100000 -100000 -100000 -100000 -100000 -100000 -100000 -100000 -100000 -100000 -100000
D -100000 -100000 -100000  1 -100000 -100000 -100000 -100000 -100000 -100000 -100000 -100000 -100000 -100000 -100000 -100000 -100000 -100000 -100000 -100000 -100000 -100000 -100000 -100000 -100000 -100000 -100000 -100000 -100000 -100000 -100000 -100000 -100000 -100000 -100000 -100000
E -100000 -100000 -100000 -100000  1 -100000 -100000 -100000 -100000 -100000 -100000 -100000 -100000 -100000 -100000 -100000 -100000 -100000 -100000 -100000 -100000 -100000 -100000 -100000 -100000 -100000 -100000 -100000 -100000 -100000 -100000 -100000 -100000 -100000 -100000 -100000
F -100000 -100000 -100000 -100000 -100000  1 -100000 -100000 -100000 -100000 -100000 -100000 -100000 -100000 -100000 -100000 -100000 -100000 -100000 -100000 -100000 -100000 -100000 -100000 -100000 -100000 -100000 -100000 -100000 -100000 -100000 -100000 -100000 -100000 -100000 -100000
G -100000 -100000 -100000 -100000 -100000 -100000  1 -100000 -100000 -100000 -100000 -100000 -100000 -100000 -100000 -100000 -100000 -100000 -100000 -100000 -100000 -100000 -100000 -100000 -100000 -100000 -100000 -100000 -100000 -100000 -100000 -100000 -100000 -100000 -100000 -100000
H -100000 -100000 -100000 -100000 -100000 -100000 -100000  1 -100000 -100000 -100000 -100000 -100000 -100000 -100000 -100000 -100000 -100000 -100000 -100000 -100000 -100000 -100000 -100000 -100000 -100000 -100000 -100000 -100000 -100000 -100000 -100000 -100000 -100000 -100000 -100000
I -100000 -100000 -100000 -100000 -100000 -100000 -100000 -100000  1 -100000 -100000 -100000 -100000 -100000 -100000 -100000 -100000 -100000 -100000 -100000 -100000 -100000 -100000 -100000 -100000 -100000 -100000 -100000 -100000 -100000 -100000 -100000 -100000 -100000 -100000 -100000
J -100000 -100000 -100000 -100000 -100000 -100000 -100000 -100000 -100000  1 -100000 -100000 -100000 -100000 -100000 -100000 -100000 -100000 -100000 -100000 -100000 -100000 -100000 -100000 -100000 -100000 -100000 -100000 -100000 -100000 -100000 -100000 -100000 -100000 -100000 -100000
K -100000 -100000 -100000 -100000 -100000 -100000 -100000 -100000 -100000 -100000  1 -100000 -100000 -100000 -100000 -100000 -100000 -100000 -100000 -100000 -100000 -100000 -100000 -100000 -100000 -100000 -100000 -100000 -100000 -100000 -100000 -100000 -100000 -100000 -100000 -100000
L -100000 -100000 -100000 -100000 -100000 -100000 -100000 -100000 -100000 -100000 -100000  1 -100000 -100000 -100000 -100000 -100000 -100000 -100000 -100000 -100000 -100000 -100000 -100000 -100000 -100000 -100000 -100000 -100000 -100000 -100000 -100000 -100000 -100000 -100000 -100000
M -100000 -100000 -100000 -100000 -100000 -100000 -100000 -100000 -100000 -100000 -100000 -100000  1 -100000 -100000 -100000 -100000 -100000 -100000 -100000 -100000 -100000 -100000 -100000 -100000 -100000 -100000 -100000 -100000 -100000 -100000 -100000 -100000 -100000 -100000 -100000
N -100000 -100000 -100000 -100000 -100000 -100000 -100000 -100000 -100000 -100000 -100000 -100000 -100000  1 -100000 -100000 -100000 -100000 -100000 -100000 -100000 -100000 -100000 -100000 -100000 -100000 -100000 -100000 -100000 -100000 -100000 -100000 -100000 -100000 -100000 -100000
O -100000 -100000 -100000 -100000 -100000 -100000 -100000 -100000 -100000 -100000 -100000 -100000 -100000 -100000  1 -100000 -100000 -100000 -100000 -100000 -100000 -100000 -100000 -100000 -100000 -100000 -100000 -100000 -100000 -100000 -100000 -100000 -100000 -100000 -100000 -100000
P -100000 -100000 -100000 -100000 -100000 -100000 -100000 -100000 -100000 -100000 -100000 -100000 -100000 -100000 -100000  1 -100000 -100000 -100000 -100000 -100000 -100000 -100000 -100000 -100000 -100000 -100000 -100000 -100000 -100000 -100000 -100000 -100000 -100000 -100000 -100000
Q -100000 -100000 -100000 -100000 -100000 -100000 -100000 -100000 -100000 -100000 -100000 -100000 -100000 -100000 -100000 -100000  1 -100000 -100000 -100000 -100000 -100000 -100000 -100000 -100000 -100000 -100000 -100000 -100000 -100000 -100000 -100000 -100000 -100000 -100000 -100000
R -100000 -100000 -100000 -100000 -100000 -100000 -100000 -100000 -100000 -100000 -100000 -100000 -100000 -100000 -100000 -100000 -100000  1 -100000 -100000 -100000 -100000 -100000 -100000 -100000 -100000 -100000 -100000 -100000 -100000 -100000 -100000 -100000 -100000 -100000 -100000
S -100000 -100000 -100000 -100000 -100000 -100000 -100000 -100000 -100000 -100000 -100000 -100000 -100000 -100000 -100000 -100000 -100000 -100000  1 -100000 -100000 -100000 -100000 -100000 -100000 -100000 -100000 -100000 -100000 -100000 -100000 -100000 -100000 -100000 -100000 -100000
T -100000 -100000 -100000 -100000 -100000 -100000 -100000 -100000 -100000 -100000 -100000 -100000 -100000 -100000 -100000 -100000 -100000 -100000 -100000  1 -100000 -100000 -100000 -100000 -100000 -100000 -100000 -100000 -100000 -100000 -100000 -100000 -100000 -100000 -100000 -100000
U -100000 -100000 -100000 -100000 -100000 -100000 -100000 -100000 -100000 -100000 -100000 -100000 -100000 -100000 -100000 -100000 -100000 -100000 -100000 -100000  1 -100000 -100000 -100000 -100000 -100000 -100000 -100000 -100000 -100000 -100000 -100000 -100000 -100000 -100000 -100000
V -100000 -100000 -100000 -100000 -100000 -100000 -100000 -100000 -100000 -100000 -100000 -100000 -100000 -100000 -100000 -100000 -100000 -100000 -100000 -100000 -100000  1 -100000 -100000 -100000 -100000 -100000 -100000 -100000 -100000 -100000 -100000 -100000 -100000 -100000 -100000
W -100000 -100000 -100000 -100000 -100000 -100000 -100000 -100000 -100000 -100000 -100000 -100000 -100000 -100000 -100000 -100000 -100000 -100000 -100000 -100000 -100000 -100000  1 -100000 -100000 -100000 -100000 -100000 -100000 -100000 -100000 -100000 -100000 -100000 -100000 -100000
X -100000 -100000 -100000 -100000 -100000 -100000 -100000 -100000 -100000 -100000 -100000 -100000 -100000 -100000 -100000 -100000 -100000 -100000 -100000 -100000 -100000 -100000 -100000  1 -100000 -100000 -100000 -100000 -100000 -100000 -100000 -100000 -100000 -100000 -100000 -100000
Y -100000 -100000 -100000 -100000 -100000 -100000 -100000 -100000 -100000 -100000 -100000 -100000 -100000 -100000 -100000 -100000 -100000 -100000 -100000 -100000 -100000 -100000 -100000 -100000  1 -100000 -100000 -100000 -100000 -100000 -100000 -100000 -100000 -100000 -100000 -100000
Z -100000 -100000 -100000 -100000 -100000 -100000 -100000 -100000 -100000 -100000 -100000 -100000 -100000 -100000 -100000 -100000 -100000 -100000 -100000 -100000 -100000 -100000 -100000 -100000 -100000  1 -100000 -100000 -100000 -100000 -100000 -100000 -100000 -100000 -100000 -100000
; -100000 -100000 -100000 -100000 -100000 -100000 -100000 -100000 -100000 -100000 -100000 -100000 -100000 -100000 -100000 -100000 -100000 -100000 -100000 -100000 -100000 -100000 -100000 -100000 -100000 -100000  1 -100000 -100000 -100000 -100000 -100000 -100000 -100000 -100000 -100000
: -100000 -100000 -100000 -100000 -100000 -100000 -100000 -100000 -100000 -100000 -100000 -100000 -100000 -100000 -100000 -100000 -100000 -100000 -100000 -100000 -100000 -100000 -100000 -100000 -100000 -100000 -100000  1 -100000 -100000 -100000 -100000 -100000 -100000 -100000 -100000
? -100000 -100000 -100000 -100000 -100000 -100000 -100000 -100000 -100000 -100000 -100000 -100000 -100000 -100000 -100000 -100000 -100000 -100000 -100000 -100000 -100000 -100000 -100000 -100000 -100000 -100000 -100000 -100000  1 -100000 -100000 -100000 -100000 -100000 -100000 -100000
. -100000 -100000 -100000 -100000 -100000 -100000 -100000 -100000 -100000 -100000 -100000 -100000 -100000 -100000 -100000 -100000 -100000 -100000 -100000 -100000 -100000 -100000 -100000 -100000 -100000 -100000 -100000 -100000 -100000  1 -100000 -100000 -100000 -100000 -100000 -100000
' -100000 -100000 -100000 -100000 -100000 -100000 -100000 -100000 -100000 -100000 -100000 -100000 -100000 -100000 -100000 -100000 -100000 -100000 -100000 -100000 -100000 -100000 -100000 -100000 -100000 -100000 -100000 -100000 -100000 -100000  1 -100000 -100000 -100000 -100000 -100000
# -100000 -100000 -100000 -100000 -100000 -100000 -100000 -100000 -100000 -100000 -100000 -100000 -100000 -100000 -100000 -100000 -100000 -100000 -100000 -100000 -100000 -100000 -100000 -100000 -100000 -100000 -100000 -100000 -100000 -100000 -100000  0 -100000 -100000 -100000 -100000
( -100000 -100000 -100000 -100000 -100000 -100000 -100000 -100000 -100000 -100000 -100000 -100000 -100000 -100000 -100000 -100000 -100000 -100000 -100000 -100000 -100000 -100000 -100000 -100000 -100000 -100000 -100000 -100000 -100000 -100000 -100000 -100000  1 -100000 -100000 -100000
) -100000 -100000 -100000 -100000 -100000 -100000 -100000 -100000 -100000 -100000 -100000 -100000 -100000 -100000 -100000 -100000 -100000 -100000 -100000 -100000 -100000 -100000 -100000 -100000 -100000 -100000 -100000 -100000 -100000 -100000 -100000 -100000 -100000  1 -100000 -100000
, -100000 -100000 -100000 -100000 -100000 -100000 -100000 -100000 -100000 -100000 -100000 -100000 -100000 -100000 -100000 -100000 -100000 -100000 -100000 -100000 -100000 -100000 -100000 -100000 -100000 -100000 -100000 -100000 -100000 -100000 -100000 -100000 -100000 -100000  1 -100000
* -100000 -100000 -100000 -100000 -100000 -100000 -100000 -100000 -100000 -100000 -100000 -100000 -100000 -100000 -100000 -100000 -100000 -100000 -100000 -100000 -100000 -100000 -100000 -100000 -100000 -100000 -100000 -100000 -100000 -100000 -100000 -100000 -100000 -100000 -100000  0
